 8
  
 1
 4
 16
 19
 76
 79
 91
 94
  
 8
  
 1
 4
 16
 19
 77
 80
 91
 94
  
 7
  
 1
 4
 16
 19
 78
 91
 94
  
 8
  
 1
 4
 16
 19
 79
 81
 94
 96
  
 7
  
 1
 4
 16
 19
 79
 86
 94
  
 8
  
 1
 4
 17
 20
 76
 79
 91
 94
  
 8
  
 1
 4
 17
 20
 77
 80
 91
 94
  
 7
  
 1
 4
 17
 20
 78
 91
 94
  
 8
  
 1
 4
 17
 20
 79
 81
 94
 96
  
 7
  
 1
 4
 17
 20
 79
 86
 94
  
 7
  
 1
 4
 18
 76
 79
 91
 94
  
 7
  
 1
 4
 18
 77
 80
 91
 94
  
 6
  
 1
 4
 18
 78
 91
 94
  
 7
  
 1
 4
 18
 79
 81
 94
 96
  
 6
  
 1
 4
 18
 79
 86
 94
  
 8
  
 1
 4
 19
 41
 76
 79
 94
 116
  
 8
  
 1
 4
 19
 41
 77
 80
 94
 116
  
 7
  
 1
 4
 19
 41
 78
 94
 116
  
 7
  
 1
 4
 19
 66
 76
 79
 94
  
 7
  
 1
 4
 19
 66
 77
 80
 94
  
 6
  
 1
 4
 19
 66
 78
 94
  
 8
  
 1
 9
 16
 24
 76
 79
 91
 94
  
 8
  
 1
 9
 16
 24
 77
 80
 91
 94
  
 7
  
 1
 9
 16
 24
 78
 91
 94
  
 8
  
 1
 9
 16
 24
 79
 81
 94
 96
  
 7
  
 1
 9
 16
 24
 79
 86
 94
  
 8
  
 1
 9
 24
 41
 76
 79
 94
 116
  
 8
  
 1
 9
 24
 41
 77
 80
 94
 116
  
 7
  
 1
 9
 24
 41
 78
 94
 116
  
 7
  
 1
 9
 24
 66
 76
 79
 94
  
 7
  
 1
 9
 24
 66
 77
 80
 94
  
 6
  
 1
 9
 24
 66
 78
 94
  
 7
  
 1
 14
 16
 76
 79
 91
 94
  
 7
  
 1
 14
 16
 77
 80
 91
 94
  
 6
  
 1
 14
 16
 78
 91
 94
  
 7
  
 1
 14
 16
 79
 81
 94
 96
  
 6
  
 1
 14
 16
 79
 86
 94
  
 7
  
 1
 14
 41
 76
 79
 94
 116
  
 7
  
 1
 14
 41
 77
 80
 94
 116
  
 6
  
 1
 14
 41
 78
 94
 116
  
 6
  
 1
 14
 66
 76
 79
 94
  
 6
  
 1
 14
 66
 77
 80
 94
  
 5
  
 1
 14
 66
 78
 94
  
 8
  
 1
 16
 19
 29
 76
 91
 94
 104
  
 8
  
 1
 16
 19
 29
 81
 94
 96
 104
  
 7
  
 1
 16
 19
 29
 86
 94
 104
  
 7
  
 1
 16
 19
 54
 76
 91
 94
  
 7
  
 1
 16
 19
 54
 81
 94
 96
  
 6
  
 1
 16
 19
 54
 86
 94
  
 8
  
 1
 17
 20
 29
 76
 91
 94
 104
  
 8
  
 1
 17
 20
 29
 81
 94
 96
 104
  
 7
  
 1
 17
 20
 29
 86
 94
 104
  
 7
  
 1
 17
 20
 54
 76
 91
 94
  
 7
  
 1
 17
 20
 54
 81
 94
 96
  
 6
  
 1
 17
 20
 54
 86
 94
  
 7
  
 1
 18
 29
 76
 91
 94
 104
  
 7
  
 1
 18
 29
 81
 94
 96
 104
  
 6
  
 1
 18
 29
 86
 94
 104
  
 6
  
 1
 18
 54
 76
 91
 94
  
 6
  
 1
 18
 54
 81
 94
 96
  
 5
  
 1
 18
 54
 86
 94
  
 8
  
 1
 19
 29
 41
 76
 94
 104
 116
  
 7
  
 1
 19
 29
 66
 76
 94
 104
  
 7
  
 1
 19
 41
 54
 76
 94
 116
  
 6
  
 1
 19
 54
 66
 76
 94
  
 8
  
 2
 5
 16
 19
 76
 79
 91
 94
  
 8
  
 2
 5
 16
 19
 77
 80
 91
 94
  
 7
  
 2
 5
 16
 19
 78
 91
 94
  
 8
  
 2
 5
 16
 19
 79
 81
 94
 96
  
 7
  
 2
 5
 16
 19
 79
 86
 94
  
 8
  
 2
 5
 17
 20
 76
 79
 91
 94
  
 8
  
 2
 5
 17
 20
 77
 80
 91
 94
  
 7
  
 2
 5
 17
 20
 78
 91
 94
  
 8
  
 2
 5
 17
 20
 79
 81
 94
 96
  
 7
  
 2
 5
 17
 20
 79
 86
 94
  
 7
  
 2
 5
 18
 76
 79
 91
 94
  
 7
  
 2
 5
 18
 77
 80
 91
 94
  
 6
  
 2
 5
 18
 78
 91
 94
  
 7
  
 2
 5
 18
 79
 81
 94
 96
  
 6
  
 2
 5
 18
 79
 86
 94
  
 8
  
 2
 5
 19
 41
 76
 79
 94
 116
  
 8
  
 2
 5
 19
 41
 77
 80
 94
 116
  
 7
  
 2
 5
 19
 41
 78
 94
 116
  
 7
  
 2
 5
 19
 66
 76
 79
 94
  
 7
  
 2
 5
 19
 66
 77
 80
 94
  
 6
  
 2
 5
 19
 66
 78
 94
  
 8
  
 2
 10
 17
 25
 76
 79
 91
 94
  
 8
  
 2
 10
 17
 25
 77
 80
 91
 94
  
 7
  
 2
 10
 17
 25
 78
 91
 94
  
 8
  
 2
 10
 17
 25
 79
 81
 94
 96
  
 7
  
 2
 10
 17
 25
 79
 86
 94
  
 7
  
 2
 15
 17
 76
 79
 91
 94
  
 7
  
 2
 15
 17
 77
 80
 91
 94
  
 6
  
 2
 15
 17
 78
 91
 94
  
 7
  
 2
 15
 17
 79
 81
 94
 96
  
 6
  
 2
 15
 17
 79
 86
 94
  
 8
  
 2
 16
 19
 30
 77
 91
 94
 105
  
 7
  
 2
 16
 19
 55
 77
 91
 94
  
 8
  
 2
 17
 20
 30
 77
 91
 94
 105
  
 7
  
 2
 17
 20
 55
 77
 91
 94
  
 7
  
 2
 18
 30
 77
 91
 94
 105
  
 6
  
 2
 18
 55
 77
 91
 94
  
 8
  
 2
 19
 30
 41
 77
 94
 105
 116
  
 7
  
 2
 19
 30
 66
 77
 94
 105
  
 7
  
 2
 19
 41
 55
 77
 94
 116
  
 6
  
 2
 19
 55
 66
 77
 94
  
 7
  
 3
 16
 19
 76
 79
 91
 94
  
 7
  
 3
 16
 19
 77
 80
 91
 94
  
 6
  
 3
 16
 19
 78
 91
 94
  
 7
  
 3
 16
 19
 79
 81
 94
 96
  
 6
  
 3
 16
 19
 79
 86
 94
  
 7
  
 3
 17
 20
 76
 79
 91
 94
  
 7
  
 3
 17
 20
 77
 80
 91
 94
  
 6
  
 3
 17
 20
 78
 91
 94
  
 7
  
 3
 17
 20
 79
 81
 94
 96
  
 6
  
 3
 17
 20
 79
 86
 94
  
 6
  
 3
 18
 76
 79
 91
 94
  
 6
  
 3
 18
 77
 80
 91
 94
  
 5
  
 3
 18
 78
 91
 94
  
 6
  
 3
 18
 79
 81
 94
 96
  
 5
  
 3
 18
 79
 86
 94
  
 7
  
 3
 19
 41
 76
 79
 94
 116
  
 7
  
 3
 19
 41
 77
 80
 94
 116
  
 6
  
 3
 19
 41
 78
 94
 116
  
 6
  
 3
 19
 66
 76
 79
 94
  
 6
  
 3
 19
 66
 77
 80
 94
  
 5
  
 3
 19
 66
 78
 94
  
 8
  
 4
 6
 19
 21
 76
 79
 91
 94
  
 8
  
 4
 6
 19
 21
 77
 80
 91
 94
  
 7
  
 4
 6
 19
 21
 78
 91
 94
  
 8
  
 4
 6
 19
 21
 79
 81
 94
 96
  
 7
  
 4
 6
 19
 21
 79
 86
 94
  
 8
  
 4
 6
 19
 46
 79
 81
 94
 121
  
 7
  
 4
 6
 19
 71
 79
 81
 94
  
 7
  
 4
 11
 19
 76
 79
 91
 94
  
 7
  
 4
 11
 19
 77
 80
 91
 94
  
 6
  
 4
 11
 19
 78
 91
 94
  
 7
  
 4
 11
 19
 79
 81
 94
 96
  
 6
  
 4
 11
 19
 79
 86
 94
  
 8
  
 4
 16
 19
 26
 79
 91
 94
 101
  
 7
  
 4
 16
 19
 51
 79
 91
 94
  
 8
  
 4
 17
 20
 26
 79
 91
 94
 101
  
 7
  
 4
 17
 20
 51
 79
 91
 94
  
 7
  
 4
 18
 26
 79
 91
 94
 101
  
 6
  
 4
 18
 51
 79
 91
 94
  
 8
  
 4
 19
 21
 31
 79
 94
 96
 106
  
 7
  
 4
 19
 21
 56
 79
 94
 96
  
 8
  
 4
 19
 26
 41
 79
 94
 101
 116
  
 8
  
 4
 19
 26
 41
 79
 94
 106
 121
  
 7
  
 4
 19
 26
 41
 79
 94
 111
  
 7
  
 4
 19
 26
 66
 79
 94
 101
  
 8
  
 4
 19
 31
 46
 79
 94
 101
 116
  
 8
  
 4
 19
 31
 46
 79
 94
 106
 121
  
 7
  
 4
 19
 31
 46
 79
 94
 111
  
 7
  
 4
 19
 31
 71
 79
 94
 106
  
 7
  
 4
 19
 36
 79
 94
 101
 116
  
 7
  
 4
 19
 36
 79
 94
 106
 121
  
 6
  
 4
 19
 36
 79
 94
 111
  
 7
  
 4
 19
 41
 51
 79
 94
 116
  
 7
  
 4
 19
 46
 56
 79
 94
 121
  
 6
  
 4
 19
 51
 66
 79
 94
  
 6
  
 4
 19
 56
 71
 79
 94
  
 5
  
 4
 19
 61
 79
 94
  
 8
  
 5
 7
 20
 22
 76
 79
 91
 94
  
 8
  
 5
 7
 20
 22
 77
 80
 91
 94
  
 7
  
 5
 7
 20
 22
 78
 91
 94
  
 8
  
 5
 7
 20
 22
 79
 81
 94
 96
  
 7
  
 5
 7
 20
 22
 79
 86
 94
  
 7
  
 5
 12
 20
 76
 79
 91
 94
  
 7
  
 5
 12
 20
 77
 80
 91
 94
  
 6
  
 5
 12
 20
 78
 91
 94
  
 7
  
 5
 12
 20
 79
 81
 94
 96
  
 6
  
 5
 12
 20
 79
 86
 94
  
 8
  
 5
 16
 19
 27
 80
 91
 94
 102
  
 7
  
 5
 16
 19
 52
 80
 91
 94
  
 8
  
 5
 17
 20
 27
 80
 91
 94
 102
  
 7
  
 5
 17
 20
 52
 80
 91
 94
  
 7
  
 5
 18
 27
 80
 91
 94
 102
  
 6
  
 5
 18
 52
 80
 91
 94
  
 8
  
 5
 19
 27
 41
 80
 94
 102
 116
  
 7
  
 5
 19
 27
 66
 80
 94
 102
  
 7
  
 5
 19
 41
 52
 80
 94
 116
  
 6
  
 5
 19
 52
 66
 80
 94
  
 8
  
 6
 9
 21
 24
 76
 79
 91
 94
  
 8
  
 6
 9
 21
 24
 77
 80
 91
 94
  
 7
  
 6
 9
 21
 24
 78
 91
 94
  
 8
  
 6
 9
 21
 24
 79
 81
 94
 96
  
 7
  
 6
 9
 21
 24
 79
 86
 94
  
 8
  
 6
 9
 22
 25
 76
 79
 91
 94
  
 8
  
 6
 9
 22
 25
 77
 80
 91
 94
  
 7
  
 6
 9
 22
 25
 78
 91
 94
  
 8
  
 6
 9
 22
 25
 79
 81
 94
 96
  
 7
  
 6
 9
 22
 25
 79
 86
 94
  
 7
  
 6
 9
 23
 76
 79
 91
 94
  
 7
  
 6
 9
 23
 77
 80
 91
 94
  
 6
  
 6
 9
 23
 78
 91
 94
  
 7
  
 6
 9
 23
 79
 81
 94
 96
  
 6
  
 6
 9
 23
 79
 86
 94
  
 8
  
 6
 9
 24
 46
 79
 81
 94
 121
  
 7
  
 6
 9
 24
 71
 79
 81
 94
  
 7
  
 6
 14
 21
 76
 79
 91
 94
  
 7
  
 6
 14
 21
 77
 80
 91
 94
  
 6
  
 6
 14
 21
 78
 91
 94
  
 7
  
 6
 14
 21
 79
 81
 94
 96
  
 6
  
 6
 14
 21
 79
 86
 94
  
 7
  
 6
 14
 46
 79
 81
 94
 121
  
 6
  
 6
 14
 71
 79
 81
 94
  
 8
  
 6
 19
 21
 29
 76
 91
 94
 104
  
 8
  
 6
 19
 21
 29
 81
 94
 96
 104
  
 7
  
 6
 19
 21
 29
 86
 94
 104
  
 7
  
 6
 19
 21
 54
 76
 91
 94
  
 7
  
 6
 19
 21
 54
 81
 94
 96
  
 6
  
 6
 19
 21
 54
 86
 94
  
 8
  
 6
 19
 29
 46
 81
 94
 104
 121
  
 7
  
 6
 19
 29
 71
 81
 94
 104
  
 7
  
 6
 19
 46
 54
 81
 94
 121
  
 6
  
 6
 19
 54
 71
 81
 94
  
 8
  
 7
 10
 21
 24
 76
 79
 91
 94
  
 8
  
 7
 10
 21
 24
 77
 80
 91
 94
  
 7
  
 7
 10
 21
 24
 78
 91
 94
  
 8
  
 7
 10
 21
 24
 79
 81
 94
 96
  
 7
  
 7
 10
 21
 24
 79
 86
 94
  
 8
  
 7
 10
 22
 25
 76
 79
 91
 94
  
 8
  
 7
 10
 22
 25
 77
 80
 91
 94
  
 7
  
 7
 10
 22
 25
 78
 91
 94
  
 8
  
 7
 10
 22
 25
 79
 81
 94
 96
  
 7
  
 7
 10
 22
 25
 79
 86
 94
  
 7
  
 7
 10
 23
 76
 79
 91
 94
  
 7
  
 7
 10
 23
 77
 80
 91
 94
  
 6
  
 7
 10
 23
 78
 91
 94
  
 7
  
 7
 10
 23
 79
 81
 94
 96
  
 6
  
 7
 10
 23
 79
 86
 94
  
 8
  
 7
 10
 24
 46
 79
 81
 94
 121
  
 7
  
 7
 10
 24
 71
 79
 81
 94
  
 7
  
 7
 15
 22
 76
 79
 91
 94
  
 7
  
 7
 15
 22
 77
 80
 91
 94
  
 6
  
 7
 15
 22
 78
 91
 94
  
 7
  
 7
 15
 22
 79
 81
 94
 96
  
 6
  
 7
 15
 22
 79
 86
 94
  
 8
  
 7
 20
 22
 30
 77
 91
 94
 105
  
 7
  
 7
 20
 22
 55
 77
 91
 94
  
 7
  
 8
 21
 24
 76
 79
 91
 94
  
 7
  
 8
 21
 24
 77
 80
 91
 94
  
 6
  
 8
 21
 24
 78
 91
 94
  
 7
  
 8
 21
 24
 79
 81
 94
 96
  
 6
  
 8
 21
 24
 79
 86
 94
  
 7
  
 8
 22
 25
 76
 79
 91
 94
  
 7
  
 8
 22
 25
 77
 80
 91
 94
  
 6
  
 8
 22
 25
 78
 91
 94
  
 7
  
 8
 22
 25
 79
 81
 94
 96
  
 6
  
 8
 22
 25
 79
 86
 94
  
 6
  
 8
 23
 76
 79
 91
 94
  
 6
  
 8
 23
 77
 80
 91
 94
  
 5
  
 8
 23
 78
 91
 94
  
 6
  
 8
 23
 79
 81
 94
 96
  
 5
  
 8
 23
 79
 86
 94
  
 7
  
 8
 24
 46
 79
 81
 94
 121
  
 6
  
 8
 24
 71
 79
 81
 94
  
 7
  
 9
 11
 24
 76
 79
 91
 94
  
 7
  
 9
 11
 24
 77
 80
 91
 94
  
 6
  
 9
 11
 24
 78
 91
 94
  
 7
  
 9
 11
 24
 79
 81
 94
 96
  
 6
  
 9
 11
 24
 79
 86
 94
  
 8
  
 9
 16
 24
 26
 79
 91
 94
 101
  
 7
  
 9
 16
 24
 51
 79
 91
 94
  
 8
  
 9
 21
 24
 31
 79
 94
 96
 106
  
 7
  
 9
 21
 24
 56
 79
 94
 96
  
 8
  
 9
 22
 25
 31
 79
 94
 96
 106
  
 7
  
 9
 22
 25
 56
 79
 94
 96
  
 7
  
 9
 23
 31
 79
 94
 96
 106
  
 6
  
 9
 23
 56
 79
 94
 96
  
 8
  
 9
 24
 26
 41
 79
 94
 101
 116
  
 8
  
 9
 24
 26
 41
 79
 94
 106
 121
  
 7
  
 9
 24
 26
 41
 79
 94
 111
  
 7
  
 9
 24
 26
 66
 79
 94
 101
  
 8
  
 9
 24
 31
 46
 79
 94
 101
 116
  
 8
  
 9
 24
 31
 46
 79
 94
 106
 121
  
 7
  
 9
 24
 31
 46
 79
 94
 111
  
 7
  
 9
 24
 31
 71
 79
 94
 106
  
 7
  
 9
 24
 36
 79
 94
 101
 116
  
 7
  
 9
 24
 36
 79
 94
 106
 121
  
 6
  
 9
 24
 36
 79
 94
 111
  
 7
  
 9
 24
 41
 51
 79
 94
 116
  
 7
  
 9
 24
 46
 56
 79
 94
 121
  
 6
  
 9
 24
 51
 66
 79
 94
  
 6
  
 9
 24
 56
 71
 79
 94
  
 5
  
 9
 24
 61
 79
 94
  
 7
  
 10
 12
 25
 76
 79
 91
 94
  
 7
  
 10
 12
 25
 77
 80
 91
 94
  
 6
  
 10
 12
 25
 78
 91
 94
  
 7
  
 10
 12
 25
 79
 81
 94
 96
  
 6
  
 10
 12
 25
 79
 86
 94
  
 8
  
 10
 17
 25
 27
 80
 91
 94
 102
  
 7
  
 10
 17
 25
 52
 80
 91
 94
  
 6
  
 11
 14
 76
 79
 91
 94
  
 6
  
 11
 14
 77
 80
 91
 94
  
 5
  
 11
 14
 78
 91
 94
  
 6
  
 11
 14
 79
 81
 94
 96
  
 5
  
 11
 14
 79
 86
 94
  
 7
  
 11
 19
 29
 76
 91
 94
 104
  
 7
  
 11
 19
 29
 81
 94
 96
 104
  
 6
  
 11
 19
 29
 86
 94
 104
  
 6
  
 11
 19
 54
 76
 91
 94
  
 6
  
 11
 19
 54
 81
 94
 96
  
 5
  
 11
 19
 54
 86
 94
  
 6
  
 12
 15
 76
 79
 91
 94
  
 6
  
 12
 15
 77
 80
 91
 94
  
 5
  
 12
 15
 78
 91
 94
  
 6
  
 12
 15
 79
 81
 94
 96
  
 5
  
 12
 15
 79
 86
 94
  
 7
  
 12
 20
 30
 77
 91
 94
 105
  
 6
  
 12
 20
 55
 77
 91
 94
  
 5
  
 13
 76
 79
 91
 94
  
 5
  
 13
 77
 80
 91
 94
  
 4
  
 13
 78
 91
 94
  
 5
  
 13
 79
 81
 94
 96
  
 4
  
 13
 79
 86
 94
  
 7
  
 14
 16
 26
 79
 91
 94
 101
  
 6
  
 14
 16
 51
 79
 91
 94
  
 7
  
 14
 21
 31
 79
 94
 96
 106
  
 6
  
 14
 21
 56
 79
 94
 96
  
 7
  
 14
 26
 41
 79
 94
 101
 116
  
 7
  
 14
 26
 41
 79
 94
 106
 121
  
 6
  
 14
 26
 41
 79
 94
 111
  
 6
  
 14
 26
 66
 79
 94
 101
  
 7
  
 14
 31
 46
 79
 94
 101
 116
  
 7
  
 14
 31
 46
 79
 94
 106
 121
  
 6
  
 14
 31
 46
 79
 94
 111
  
 6
  
 14
 31
 71
 79
 94
 106
  
 6
  
 14
 36
 79
 94
 101
 116
  
 6
  
 14
 36
 79
 94
 106
 121
  
 5
  
 14
 36
 79
 94
 111
  
 6
  
 14
 41
 51
 79
 94
 116
  
 6
  
 14
 46
 56
 79
 94
 121
  
 5
  
 14
 51
 66
 79
 94
  
 5
  
 14
 56
 71
 79
 94
  
 4
  
 14
 61
 79
 94
  
 7
  
 15
 17
 27
 80
 91
 94
 102
  
 6
  
 15
 17
 52
 80
 91
 94
  
 8
  
 16
 19
 26
 29
 91
 94
 101
 104
  
 8
  
 16
 19
 26
 29
 91
 94
 102
 105
  
 7
  
 16
 19
 26
 29
 91
 94
 103
  
 7
  
 16
 19
 26
 54
 91
 94
 101
  
 8
  
 16
 19
 27
 30
 91
 94
 101
 104
  
 8
  
 16
 19
 27
 30
 91
 94
 102
 105
  
 7
  
 16
 19
 27
 30
 91
 94
 103
  
 7
  
 16
 19
 27
 55
 91
 94
 102
  
 7
  
 16
 19
 28
 91
 94
 101
 104
  
 7
  
 16
 19
 28
 91
 94
 102
 105
  
 6
  
 16
 19
 28
 91
 94
 103
  
 7
  
 16
 19
 29
 51
 91
 94
 104
  
 7
  
 16
 19
 30
 52
 91
 94
 105
  
 6
  
 16
 19
 51
 54
 91
 94
  
 6
  
 16
 19
 52
 55
 91
 94
  
 5
  
 16
 19
 53
 91
 94
  
 8
  
 17
 20
 26
 29
 91
 94
 101
 104
  
 8
  
 17
 20
 26
 29
 91
 94
 102
 105
  
 7
  
 17
 20
 26
 29
 91
 94
 103
  
 7
  
 17
 20
 26
 54
 91
 94
 101
  
 8
  
 17
 20
 27
 30
 91
 94
 101
 104
  
 8
  
 17
 20
 27
 30
 91
 94
 102
 105
  
 7
  
 17
 20
 27
 30
 91
 94
 103
  
 7
  
 17
 20
 27
 55
 91
 94
 102
  
 7
  
 17
 20
 28
 91
 94
 101
 104
  
 7
  
 17
 20
 28
 91
 94
 102
 105
  
 6
  
 17
 20
 28
 91
 94
 103
  
 7
  
 17
 20
 29
 51
 91
 94
 104
  
 7
  
 17
 20
 30
 52
 91
 94
 105
  
 6
  
 17
 20
 51
 54
 91
 94
  
 6
  
 17
 20
 52
 55
 91
 94
  
 5
  
 17
 20
 53
 91
 94
  
 7
  
 18
 26
 29
 91
 94
 101
 104
  
 7
  
 18
 26
 29
 91
 94
 102
 105
  
 6
  
 18
 26
 29
 91
 94
 103
  
 6
  
 18
 26
 54
 91
 94
 101
  
 7
  
 18
 27
 30
 91
 94
 101
 104
  
 7
  
 18
 27
 30
 91
 94
 102
 105
  
 6
  
 18
 27
 30
 91
 94
 103
  
 6
  
 18
 27
 55
 91
 94
 102
  
 6
  
 18
 28
 91
 94
 101
 104
  
 6
  
 18
 28
 91
 94
 102
 105
  
 5
  
 18
 28
 91
 94
 103
  
 6
  
 18
 29
 51
 91
 94
 104
  
 6
  
 18
 30
 52
 91
 94
 105
  
 5
  
 18
 51
 54
 91
 94
  
 5
  
 18
 52
 55
 91
 94
  
 4
  
 18
 53
 91
 94
  
 8
  
 19
 21
 29
 31
 94
 96
 104
 106
  
 7
  
 19
 21
 29
 56
 94
 96
 104
  
 7
  
 19
 21
 31
 54
 94
 96
 106
  
 6
  
 19
 21
 54
 56
 94
 96
  
 8
  
 19
 26
 29
 41
 94
 101
 104
 116
  
 8
  
 19
 26
 29
 41
 94
 102
 105
 116
  
 7
  
 19
 26
 29
 41
 94
 103
 116
  
 8
  
 19
 26
 29
 41
 94
 104
 106
 121
  
 7
  
 19
 26
 29
 41
 94
 104
 111
  
 7
  
 19
 26
 29
 66
 94
 101
 104
  
 7
  
 19
 26
 29
 66
 94
 102
 105
  
 6
  
 19
 26
 29
 66
 94
 103
  
 7
  
 19
 26
 41
 54
 94
 101
 116
  
 7
  
 19
 26
 41
 54
 94
 106
 121
  
 6
  
 19
 26
 41
 54
 94
 111
  
 6
  
 19
 26
 54
 66
 94
 101
  
 8
  
 19
 27
 30
 41
 94
 101
 104
 116
  
 8
  
 19
 27
 30
 41
 94
 102
 105
 116
  
 7
  
 19
 27
 30
 41
 94
 103
 116
  
 8
  
 19
 27
 30
 41
 94
 104
 106
 121
  
 7
  
 19
 27
 30
 41
 94
 104
 111
  
 7
  
 19
 27
 30
 66
 94
 101
 104
  
 7
  
 19
 27
 30
 66
 94
 102
 105
  
 6
  
 19
 27
 30
 66
 94
 103
  
 7
  
 19
 27
 41
 55
 94
 102
 116
  
 6
  
 19
 27
 55
 66
 94
 102
  
 7
  
 19
 28
 41
 94
 101
 104
 116
  
 7
  
 19
 28
 41
 94
 102
 105
 116
  
 6
  
 19
 28
 41
 94
 103
 116
  
 7
  
 19
 28
 41
 94
 104
 106
 121
  
 6
  
 19
 28
 41
 94
 104
 111
  
 6
  
 19
 28
 66
 94
 101
 104
  
 6
  
 19
 28
 66
 94
 102
 105
  
 5
  
 19
 28
 66
 94
 103
  
 8
  
 19
 29
 31
 46
 94
 101
 104
 116
  
 8
  
 19
 29
 31
 46
 94
 102
 105
 116
  
 7
  
 19
 29
 31
 46
 94
 103
 116
  
 8
  
 19
 29
 31
 46
 94
 104
 106
 121
  
 7
  
 19
 29
 31
 46
 94
 104
 111
  
 7
  
 19
 29
 31
 71
 94
 104
 106
  
 7
  
 19
 29
 36
 94
 101
 104
 116
  
 7
  
 19
 29
 36
 94
 102
 105
 116
  
 6
  
 19
 29
 36
 94
 103
 116
  
 7
  
 19
 29
 36
 94
 104
 106
 121
  
 6
  
 19
 29
 36
 94
 104
 111
  
 7
  
 19
 29
 41
 51
 94
 104
 116
  
 7
  
 19
 29
 46
 56
 94
 104
 121
  
 6
  
 19
 29
 51
 66
 94
 104
  
 6
  
 19
 29
 56
 71
 94
 104
  
 5
  
 19
 29
 61
 94
 104
  
 7
  
 19
 30
 41
 52
 94
 105
 116
  
 6
  
 19
 30
 52
 66
 94
 105
  
 7
  
 19
 31
 46
 54
 94
 101
 116
  
 7
  
 19
 31
 46
 54
 94
 106
 121
  
 6
  
 19
 31
 46
 54
 94
 111
  
 6
  
 19
 31
 54
 71
 94
 106
  
 6
  
 19
 36
 54
 94
 101
 116
  
 6
  
 19
 36
 54
 94
 106
 121
  
 5
  
 19
 36
 54
 94
 111
  
 6
  
 19
 41
 51
 54
 94
 116
  
 6
  
 19
 41
 52
 55
 94
 116
  
 5
  
 19
 41
 53
 94
 116
  
 6
  
 19
 46
 54
 56
 94
 121
  
 5
  
 19
 51
 54
 66
 94
  
 5
  
 19
 52
 55
 66
 94
  
 4
  
 19
 53
 66
 94
  
 5
  
 19
 54
 56
 71
 94
  
 4
  
 19
 54
 61
 94

8
333
000
300
030
330
003
303
033

8
333
000
300
030
330
103
403
033

7
333
000
300
030
330
203
033

8
333
000
300
130
430
103
403
033

7
333
000
300
130
430
203
033

8
333
000
300
130
430
303
013
043

7
333
000
300
130
430
303
023

6
333
000
300
230
203
033

7
333
000
300
230
303
013
043

6
333
000
300
230
303
023

8
333
000
310
340
031
103
403
034

7
333
000
310
340
031
203
034

6
333
000
310
340
032
203

5
333
000
320
032
203

8
333
100
400
030
330
003
303
033

8
333
100
400
030
330
103
403
033

7
333
100
400
030
330
203
033

8
333
100
400
030
330
303
013
043

7
333
100
400
030
330
303
023

8
333
100
400
130
430
103
403
033

7
333
100
400
130
430
203
033

8
333
100
400
130
430
303
013
043

7
333
100
400
130
430
303
023

6
333
100
400
230
203
033

7
333
100
400
230
303
013
043

6
333
100
400
230
303
023

8
333
100
410
130
440
003
303
033

8
333
100
410
130
440
103
403
033

7
333
100
410
130
440
203
033

8
333
100
410
130
440
303
013
043

7
333
100
410
130
440
303
023

7
333
100
420
130
003
303
033

7
333
100
420
130
103
403
033

6
333
100
420
130
203
033

7
333
100
420
130
303
013
043

6
333
100
420
130
303
023

7
333
200
030
330
003
303
033

7
333
200
030
330
103
403
033

6
333
200
030
330
203
033

7
333
200
030
330
303
013
043

6
333
200
030
330
303
023

7
333
200
130
430
103
403
033

6
333
200
130
430
203
033

7
333
200
130
430
303
013
043

6
333
200
130
430
303
023

5
333
200
230
203
033

6
333
200
230
303
013
043

5
333
200
230
303
023

8
333
300
330
011
041
303
014
044

7
333
300
330
011
041
303
024

6
333
300
330
021
303
024

5
333
300
330
022
303

8
333
110
410
140
440
103
403
033

7
333
110
410
140
440
203
033

7
333
110
410
240
103
403
033

6
333
110
410
240
203
033

7
333
110
410
240
303
013
043

6
333
110
410
240
303
023

8
333
110
410
340
041
303
013
044

7
333
110
410
340
042
303
013

6
333
210
240
103
403
033

5
333
210
240
203
033

6
333
210
240
303
013
043

5
333
210
240
303
023

6
333
210
340
042
303
013

5
333
310
340
022
303

4
333
220
203
033

